# Blender v3.1.2 OBJ File: 'campfire.blend'
# www.blender.org
mtllib campfire.mtl
o Cube
v -0.033335 -0.503972 -0.201302
v 0.561164 -0.497944 0.255900
v -0.185749 -0.502041 -0.003144
v 0.408751 -0.496013 0.454058
v 0.560749 -0.247959 0.253144
v 0.408335 -0.246028 0.451302
v -0.033751 -0.253987 -0.204058
v -0.186164 -0.252056 -0.005900
v 0.265467 -0.299548 -0.013717
v -0.289187 -0.540231 0.430051
v 0.115475 -0.320608 -0.212611
v -0.439179 -0.561291 0.231158
v -0.365475 -0.304392 0.462611
v -0.515468 -0.325452 0.263717
v 0.189179 -0.063709 0.018843
v 0.039187 -0.084769 -0.180051
v -0.070306 -0.185579 0.218374
v -0.363083 -0.529115 -0.380596
v 0.155850 -0.192993 0.112080
v -0.136927 -0.536529 -0.486889
v -0.405850 -0.307007 -0.487080
v -0.179694 -0.314421 -0.593374
v -0.113073 0.036529 0.111889
v 0.113083 0.029115 0.005596
v -0.153652 -0.025237 0.045767
v 0.230039 -0.529305 -0.355726
v 0.023562 -0.030730 0.222020
v 0.407253 -0.534799 -0.179473
v 0.351438 -0.344270 -0.472020
v 0.528652 -0.349763 -0.295767
v -0.032253 0.159799 -0.070527
v 0.144961 0.154305 0.105726
vt 1.000000 0.250000
vt 1.000000 0.500000
vt 0.750000 0.500000
vt 0.750000 0.250000
vt 1.000000 0.000000
vt 1.000000 0.250000
vt 0.250000 0.250000
vt 0.250000 0.000000
vt 0.750000 0.000000
vt 0.750000 0.250000
vt 0.000000 0.250000
vt 0.000000 0.000000
vt 0.250000 0.250000
vt 0.250000 0.000000
vt 1.000000 0.000000
vt 1.000000 0.250000
vt 1.000000 0.500000
vt 0.750000 0.500000
vt 0.000000 0.000000
vt 0.750000 0.000000
vt 0.750000 0.250000
vt 0.000000 0.250000
vt 1.000000 0.250000
vt 1.000000 0.500000
vt 0.750000 0.500000
vt 0.750000 0.250000
vt 1.000000 0.000000
vt 1.000000 0.250000
vt 0.250000 0.250000
vt 0.250000 0.000000
vt 0.750000 0.000000
vt 0.750000 0.250000
vt 0.000000 0.250000
vt 0.000000 0.000000
vt 0.250000 0.250000
vt 0.250000 0.000000
vt 1.000000 0.000000
vt 1.000000 0.250000
vt 1.000000 0.500000
vt 0.750000 0.500000
vt 0.000000 0.000000
vt 0.750000 0.000000
vt 0.750000 0.250000
vt 0.000000 0.250000
vt 1.000000 0.250000
vt 1.000000 0.500000
vt 0.750000 0.500000
vt 0.750000 0.250000
vt 1.000000 0.000000
vt 1.000000 0.250000
vt 0.250000 0.250000
vt 0.250000 0.000000
vt 0.750000 0.000000
vt 0.750000 0.250000
vt 0.000000 0.250000
vt 0.000000 0.000000
vt 0.250000 0.250000
vt 0.250000 0.000000
vt 1.000000 0.000000
vt 1.000000 0.250000
vt 1.000000 0.500000
vt 0.750000 0.500000
vt 0.000000 0.000000
vt 0.750000 0.000000
vt 0.750000 0.250000
vt 0.000000 0.250000
vt 1.000000 0.250000
vt 1.000000 0.500000
vt 0.750000 0.500000
vt 0.750000 0.250000
vt 1.000000 0.000000
vt 1.000000 0.250000
vt 0.250000 0.250000
vt 0.250000 0.000000
vt 0.750000 0.000000
vt 0.750000 0.250000
vt 0.000000 0.250000
vt 0.000000 0.000000
vt 0.250000 0.250000
vt 0.250000 0.000000
vt 1.000000 0.000000
vt 1.000000 0.250000
vt 1.000000 0.500000
vt 0.750000 0.500000
vt 0.000000 0.000000
vt 0.750000 0.000000
vt 0.750000 0.250000
vt 0.000000 0.250000
vn 0.7927 0.0080 0.6096
vn -0.6097 0.0077 0.7926
vn 0.0017 -0.9999 0.0110
vn 0.6097 -0.0077 -0.7926
vn -0.7927 -0.0080 -0.6096
vn -0.0017 0.9999 -0.0110
vn -0.7395 -0.3209 0.5917
vn -0.6000 -0.0842 -0.7956
vn 0.3052 -0.9434 -0.1302
vn 0.6000 0.0842 0.7956
vn 0.7395 0.3209 -0.5917
vn -0.3052 0.9434 0.1302
vn -0.3904 -0.4580 -0.7986
vn 0.9046 -0.0297 -0.4252
vn 0.1711 -0.8884 0.4259
vn -0.9046 0.0297 0.4252
vn 0.3904 0.4580 0.7986
vn -0.1711 0.8884 -0.4259
vn 0.5116 -0.6721 -0.5353
vn 0.7089 -0.0220 0.7050
vn -0.4856 -0.7401 0.4652
vn -0.7089 0.0220 -0.7050
vn -0.5116 0.6721 0.5353
vn 0.4856 0.7401 -0.4652
usemtl Material
s off
f 2/1/1 5/2/1 6/3/1 4/4/1
f 4/5/2 6/6/2 8/7/2 3/8/2
f 3/9/3 1/10/3 2/11/3 4/12/3
f 1/13/4 7/14/4 5/15/4 2/1/4
f 3/16/5 8/17/5 7/18/5 1/10/5
f 5/19/6 7/20/6 8/21/6 6/22/6
f 10/23/7 13/24/7 14/25/7 12/26/7
f 12/27/8 14/28/8 16/29/8 11/30/8
f 11/31/9 9/32/9 10/33/9 12/34/9
f 9/35/10 15/36/10 13/37/10 10/23/10
f 11/38/11 16/39/11 15/40/11 9/32/11
f 13/41/12 15/42/12 16/43/12 14/44/12
f 18/45/13 21/46/13 22/47/13 20/48/13
f 20/49/14 22/50/14 24/51/14 19/52/14
f 19/53/15 17/54/15 18/55/15 20/56/15
f 17/57/16 23/58/16 21/59/16 18/45/16
f 19/60/17 24/61/17 23/62/17 17/54/17
f 21/63/18 23/64/18 24/65/18 22/66/18
f 26/67/19 29/68/19 30/69/19 28/70/19
f 28/71/20 30/72/20 32/73/20 27/74/20
f 27/75/21 25/76/21 26/77/21 28/78/21
f 25/79/22 31/80/22 29/81/22 26/67/22
f 27/82/23 32/83/23 31/84/23 25/76/23
f 29/85/24 31/86/24 32/87/24 30/88/24
